A001 	  	100 	62 	64 	56 	  	70
A002 	  	100 	56 	59 	38 	  	63
A003 	  	100 	72 	71 	66 	  	77
A004 	  	100 	66 	63 	49 	  	70
A005 	  	100 	62 	38 	55 	  	63
A006 	  	97 	67 	39 	54 	  	64
A007 	  	100 	73 	67 	69 	  	77
A008 	  	97 	60 	57 	72 	  	71
A009 	  	94 	57 	64 	58 	  	68
A010 	  	100 	55 	65 	59 	  	70
A011 	  	100 	34 	28 	46 	  	52
A012 	  	100 	92 	64 	69 	  	81
A013 	  	75 	71 	66 	56 	  	67
A014 	  	100 	69 	60 	38 	  	67
A015 	  	100 	67 	64 	58 	  	72
A016 	  	94 	58 	10 	38 	  	50
A017 	  	100 	64 	63 		  	57
A018 	  	72 	43 		25 	  	35
A019 	  	100 	76 	60 	70 	  	76
A020 	  	100 	56 	66 	67 	  	72
A021 	  	100 	67 	92 	84 	  	86
A022 	  	97 	62 	67 	67 	  	73
A023 	  	100 	45 	49 	41 	  	59
A024 	  	100 	74 	72 	80 	  	81
A025 	  	100 	66 	63 	61 	  	73
A026 	  	100 	54 	55 	38 	  	62
A028 	  	100 	50 	40 	44 	  	58
A029 	  	97 	85 	0 	45 	  	57
A030 	  	97 	43 	32 	27 	  	50
A031 	  	100 	66 	49 	48 	  	66
A033 	  	100 	91 	100 	96 	  	97
A034 	  	100 	58 	55 	28 	  	60
A035 	  	100 	76 	66 	70 	  	78
A036 	  	100 	68 	65 	46 	  	70
A037 	  	100 	68 	90 	67 	  	81
A038 	  	97 	57 	39 	35 	  	57
A039 	  	100 	84 	87 	75 	  	87
A040 	  	100 	63 	52 	74 	  	72
A041 	  	100 	65 	63 	40 	  	67
A042 	  	100 	54 	63 	49 	  	67
A043 	  	97 	48 	19 	36 	  	50
A044 	  	88 	84 	69 	55 	  	74
A045 	  	100 	68 	64 	44 	  	69
A046 	  	100 	75 	61 	38 	  	68
A047 	  	59 	45 	30 	13 	  	37
A048 	  	100 	50 	60 	60 	  	67
A049 	  	100 	63 	63 	78 	  	76
A050 	  	100 	75 	85 	79 	  	85
A051 	  	38 	54 	10 	34 	  	34
A052 	  	100 	55 	59 	74 	  	72
A053 	  	100 	68 	41 	53 	  	65
A054 	  	100 	51 	50 	60 	  	65
A055 	  	100 	80 	66 	57 	  	75
A056 	  	91 	49 	20 	39 	  	50
A057 	  	100 	52 	27 	41 	  	55
A058 	  	100 	77 	70 	65 	  	78
A059 	  	100 	73 	50 	42 	  	66
A060 	  	100 	60 	74 	73 	  	76
A061 	  	88 	42 	49 		  	45
A062 	  	100 	50 	65 	63 	  	69
A063 	  	97 	59 	34 	89 	  	70
A064 	  	81 	30 	12 		  	31
A065 	  	100 	94 	80 	86 	  	90
A066 	  	100 	66 	40 	73 	  	70
A067 	  	100 	73 	76 	80 	  	82
A068 	  	100 	76 	56 	65 	  	74
A069 	  	100 	48 	20 	60 	  	57
A070 	  	75 	30 	49 	43 	  	49
A071 	  	100 	69 	60 	64 	  	73
A072 	  	100 	93 	75 	86 	  	89
A073 	  	100 	48 	67 	57 	  	68
A075 	  	100 	48 	39 	33 	  	55
A076 	  	100 	38 	18 	58 	  	53
A077 	  	100 	51 	8 	62 	  	55
A078 	  	100 	89 	64 	54 	  	77
A080 	  	100 	70 	57 	66 	  	73
A081 	  	97 	43 	91 		  	58
A082 	  	100 	61 	71 	87 	  	80
A083 	  	100 	86 	66 	89 	  	85
A084 	  	100 	81 	89 	67 	  	84
A085 	  	88 		66 	83 	  	59
A086 	  	100 	63 	54 	88 	  	76
A087 	  	100 	43 	43 	48 	  	59
A088 	  	100 	86 	71 	85 	  	86
A089 	  	100 	82 	56 	69 	  	77
A091 	  	84 	49 	37 	34 	  	51
A092 	  	88 	0 	51 	51 	  	48
A093 	  	100 	70 	70 	54 	  	73
A094 	  	100 	93 	85 	76 	  	88
A095 	  	100 	55 	58 	79 	  	73
A096 	  	100 	84 	72 	47 	  	76
A097 	  	100 	78 	99 	71 	  	87
A098 	  	97 	45 	61 	46 	  	62
A099 	  	100 	68 	60 	58 	  	71
A100 	  	100 	90 	71 	35 	  	74
A102 	  	94 	64 	47 	65 	  	67
A103 	  	100 	78 	89 	67 	  	83
A104 	  	97 	72 	74 	63 	  	77
A105 	  	100 	77 	56 	59 	  	73
A106 	  	100 	67 	84 	57 	  	77
A107 	  	100 	83 	97 	87 	  	92
A108 	  	100 	20 	4 	41 	  	41
A109 	  	100 	86 	87 	90 	  	91
A110 	  	100 	61 	59 	74 	  	74
A111 	  	62 	60 			  	30
A112 	  	100 	69 	57 	72 	  	74
A113 	  	100 	68 	90 	65 	  	80
A114 	  	100 	49 	44 	52 	  	61
A115 	  	100 	75 	65 		  	60
A116 	  	100 	63 	65 	81 	  	77
A117 	  	100 	69 	88 	84 	  	85
A118 	  	100 	91 	85 	86 	  	90
A119 	  	100 	56 	30 	50 	  	59
A120 	  	88 	51 	63 	28 	  	58
A121 	  	100 	90 	83 	46 	  	80
A122 	  	94 	43 	30 	62 	  	57
A123 	  	100 	74 	62 	64 	  	75
A124 	  	100 	75 	64 	40 	  	70
A125 	  	97 	38 	23 	58 	  	54
A126 	  	100 	63 	86 	69 	  	79
A127 	  	100 	86 	96 	83 	  	91
A129 	  	100 	72 	63 	84 	  	80
A130 	  	100 	70 	78 	64 	  	78
A131 	  	75 	43 	57 		  	44
A132 	  	100 	65 	56 	53 	  	68
A133 	  	100 	58 	65 	61 	  	71
A134 	  	100 	78 	75 	46 	  	75
A135 	  	100 	73 	86 	70 	  	82
A136 	  	100 	66 	51 	47 	  	66
A137 	  	100 	77 	72 	66 	  	79
A138 	  	100 	50 	43 	54 	  	62
A139 	  	100 	96 	69 	56 	  	80
A140 	  	59 	20 		11 	  	23
A141 	  	100 	50 	30 	59 	  	59
A142 	  	100 	73 	74 	27 	  	68
A143 	  	100 	73 	36 	25 	  	58
A144 	  	100 	94 	85 	73 	  	88
A145 	  	100 	71 	64 	92 	  	82
A146 	  	100 	82 	100 	97 	  	95
A147 	  	100 	61 	70 	64 	  	73
A148 	  	100 	85 	51 	73 	  	77
A149 	  	100 	88 	77 	46 	  	78
A150 	  	62 	50 	23 	45 	  	45
A151 	  	75 	50 	59 		  	46
A152 	  	100 	83 	73 	64 	  	80
A153 	  	100 	58 	35 	61 	  	64
A154 	  	100 	62 	99 	86 	  	87
A155 	  	100 	53 	42 	60 	  	63
A156 	  	100 	66 	93 		  	65
A157 	  	100 	61 	66 	74 	  	75
A158 	  	100 	45 	49 	25 	  	55
A159 	  	100 	58 	66 		  	56
A160 	  	100 	56 	58 	51 	  	66
A161 	  	100 	76 	80 	89 	  	86
A162 	  	97 	52 	48 	96 	  	73
A163 	  	100 	80 	60 	90 	  	82
A164 	  	100 	72 	68 	75 	  	79
A165 	  	97 	68 	50 	50 	  	66
A166 	  	94 	65 	10 	70 	  	60
A167 	  	100 	56 	89 	78 	  	81
A168 	  	100 	91 	68 	54 	  	78
A169 	  	100 	72 	76 	84 	  	83
A170 	  	100 	63 	79 	75 	  	79
A171 	  	100 	82 	54 	48 	  	71
A173 	  	97 	33 	26 	66 	  	56
A174 	  	100 	92 	82 	97 	  	92
A175 	  	100 	65 	87 	77 	  	82
A176 	  	100 	59 	57 	78 	  	73
A177 	  	53 	30 	43 	45 	  	43
A178 	  	100 	66 	59 	64 	  	72
A179 	  	100 	94 	97 	95 	  	96
A180 	  	100 	70 	70 	55 	  	73
A181 	  	100 	49 	13 		  	40
A182 	  	100 	68 	68 	78 	  	78
A183 	  	100 	88 	75 	66 	  	82
A184 	  	100 	55 	41 	54 	  	62
A185 	  	100 	68 	87 	73 	  	82
A186 	  	100 	74 	60 	50 	  	71
A187 	  	97 	85 	59 	80 	  	80
A188 	  	100 	69 	53 	59 	  	70
A189 	  	97 	43 	40 	38 	  	54
A190 	  	100 	82 	67 	56 	  	76
A191 	  	100 	63 	66 	63 	  	73
A192 	  	100 	55 	72 	46 	  	68
A193 	  	100 	86 	86 	91 	  	90
A194 	  	100 	58 	67 	74 	  	75
A195 	  	100 	84 	97 	66 	  	87
A196 	  	100 	45 	41 	42 	  	57
A197 	  	100 	88 	60 	63 	  	78
A198 	  	100 	90 	77 	43 	  	77
A199 	  	100 	65 	72 	56 	  	73
A200 	  	100 	66 	64 	71 	  	75
A201 	  	100 	56 	31 	59 	  	62
A202 	  	100 	81 	72 	64 	  	79
A203 	  	100 	94 	91 	87 	  	93
A204 	  	100 	76 	55 	52 	  	71
A205 	  	100 	75 	96 	62 	  	83
A206 	  	100 	69 	51 	68 	  	72
A207 	  	100 	58 	45 		  	51
A208 	  	100 	63 	57 	71 	  	73
A209 	  	88 	86 	39 		  	53
A210 	  	100 	78 	62 	66 	  	76
A211 	  	100 	79 	59 	33 	  	68
A212 	  	100 	56 	50 	58 	  	66
A213 	  	97 	70 	73 	93 	  	83
A214 	  	100 	65 	40 	62 	  	67
A215 	  	100 	86 	70 	75 	  	82
A216 	  	100 	90 	69 		  	65
A217 	  	100 	55 	74 	71 	  	75
A218 	  	100 	86 	62 	46 	  	73
A219 	  	88 	84 	69 	53 	  	73
A220 	  	97 	67 	65 	50 	  	69
A221 	  	100 	93 	87 	90 	  	93
A222 	  	100 	56 	60 	60 	  	69
A223 	  	100 	52 	36 	47 	  	59
A224 	  	100 	87 	70 	62 	  	79
A225 	  	100 	73 	60 	94 	  	82
A226 	  	100 	80 	63 	44 	  	72
A227 	  	97 	30 	13 	39 	  	44
A228 	  	100 	85 	85 	63 	  	83
A229 	  	100 	67 	72 	87 	  	81
A230 	  	100 	59 	68 	55 	  	70
A231 	  	100 	91 	85 	93 	  	92
A232 	  	100 	74 	72 	87 	  	83
A233 	  	88 	45 	47 	58 	  	60
A234 	  	100 	69 	59 	51 	  	70
A235 	  	100 	72 	77 	72 	  	80
A236 	  	100 	93 	97 	76 	  	91
A237 	  	100 	47 	72 	0 	  	55
A238 	  	100 	56 	78 	47 	  	70
A239 	  	100 	65 	66 	63 	  	73
A240 	  	100 	56 	56 		  	53
A241 	  	100 	79 	25 	58 	  	65
A242 	  	100 	60 	91 	82 	  	83
A243 	  	100 	61 	68 	30 	  	65
A244 	  	97 	56 	59 	33 	  	61
A245 	  	100 	82 	93 	77 	  	88
A246 	  	100 	71 	63 	51 	  	71
A247 	  	100 	78 	60 	80 	  	79
A248 	  	100 	78 	97 	95 	  	92
A249 	  	100 	76 	59 	67 	  	76
A250 	  	100 	66 	68 	60 	  	73
A251 	  	97 	43 	50 		  	48
A253 	  	100 	62 	0 	59 	  	55
A254 	  	0 				  	0
A255 	  	100 	88 	73 	78 	  	85
A256 	  	100 	70 	61 	71 	  	75
A257 	  	100 	83 	52 	69 	  	76
A258 	  	62 	49 	26 	47 	  	46
A259 	  	0 				  	0
A260 	  	94 	35 	10 	44 	  	46
A261 	  	97 	43 	30 	55 	  	56
A262 	  	100 	85 	65 	61 	  	78
A263 	  	97 	82 	69 	73 	  	80
A264 	  	100 	56 	60 	40 	  	64
A265 	  	100 	74 	60 	39 	  	68
A266 	  	97 	45 	30 	59 	  	58
A267 	  	97 	60 	61 	69 	  	71
A268 	  	100 	85 	83 	75 	  	86
A269 	  	100 	92 	89 	97 	  	94
A270 	  	100 	68 	59 	66 	  	73
A271 	  	100 	92 	97 	67 	  	89
A273 	  	100 	63 	47 	63 	  	68
A274 	  	100 	88 	97 	89 	  	93
A275 	  	100 	80 	96 	53 	  	82
A276 	  	100 	59 	52 	75 	  	71
A277 	  	100 	73 	81 	92 	  	86
A278 	  	97 	52 	59 	87 	  	74
A279 	  	100 	74 	77 	51 	  	75
A280 	  	97 	64 	53 	44 	  	64
A281 	  	50 	68 	30 	80 	  	57
A282 	  	100 	58 	57 	68 	  	71
A283 	  	91 	45 	62 	29 	  	57
A284 	  	100 	45 	51 	43 	  	60
A285 	  	97 	62 	63 	78 	  	75
A286 	  	100 	67 	93 	60 	  	80
A287 	  	100 	56 	62 	48 	  	66
A288 	  	100 	61 	63 	46 	  	68
A289 	  	100 	76 	97 	78 	  	88
A290 	  	100 	72 	86 	71 	  	82
A291 	  	100 	72 	62 	52 	  	71
A292 	  	100 	58 	92 	71 	  	80
A293 	  	100 	45 	59 	41 	  	61
A294 	  	100 	81 	78 	56 	  	78
A295 	  	100 	74 	81 	67 	  	80
A296 	  	100 	70 	40 	59 	  	67
A297 	  	100 	92 	86 	94 	  	93
A298 	  	88 	45 	33 	41 	  	52
A299 	  	100 	45 	78 	51 	  	68
A300 	  	100 	50 	64 	46 	  	65
A301 	  	100 	80 	91 	59 	  	83
A302 	  	100 	92 	82 	49 	  	80
A303 	  	100 	72 	60 	50 	  	70
A304 	  	100 	45 	31 	59 	  	59
A305 	  	100 	71 	66 	77 	  	78
A306 	  	100 	73 	97 	45 	  	79
A307 	  	88 	54 	42 	39 	  	55
A308 	  	94 	77 	52 		  	55
A309 	  	100 	74 	76 	61 	  	78
A310 	  	100 	60 	66 	57 	  	70
A311 	  	100 	63 	52 	42 	  	64
A312 	  	100 	76 	67 	49 	  	73
A313 	  	100 	59 	83 		  	61
A314 	  	100 	93 	87 	80 	  	90
A315 	  	100 	84 	73 	94 	  	88
A316 	  	100 	57 	71 	72 	  	75
A317 	  	100 	72 	65 	95 	  	83
A318 	  	100 	94 	75 	60 	  	82
A319 	  	100 	74 	89 	96 	  	90
A320 	  	100 	81 	77 	86 	  	86
A321 	  	88 	58 	64 	60 	  	67
A323 	  	100 	90 	73 	71 	  	83
A324 	  	97 	56 	70 	39 	  	66
A325 	  	100 	80 	80 	55 	  	79
A326 	  	100 	66 	65 	89 	  	80
A327 	  	100 	91 	93 	91 	  	94
A328 	  	97 	45 	60 	66 	  	67
A329 	  	100 	62 	83 	72 	  	79
A330 	  	100 	62 	36 	68 	  	66
A331 	  	100 	83 	90 	94 	  	91
A332 	  	100 	50 	40 	55 	  	61
A333 	  	100 	55 	74 	77 	  	76
A334 	  	100 	68 	72 	64 	  	76
A335 	  	100 	76 	54 	54 	  	71
A336 	  	94 	38 	0 	37 	  	42
A337 	  	100 	72 	97 	66 	  	84
A338 	  	88 	56 	53 	39 	  	59
A339 	  	100 	75 	81 	96 	  	88
A340 	  	100 	61 	48 	45 	  	63
A341 	  	100 	74 	62 	52 	  	72
A342 	  	100 	62 	93 	79 	  	83
A343 	  	100 	67 	69 	72 	  	77
A344 	  	100 	98 	97 	99 	  	98
A345 	  	100 	78 	72 	60 	  	77
A346 	  	100 	72 	66 	55 	  	73
A347 	  	100 	88 	98 	93 	  	94
A348 	  	97 	55 	41 	56 	  	62
A349 	  	100 	66 	57 	58 	  	70
A350 	  	38 	50 	53 	37 	  	45
A351 	  	100 	76 	20 	65 	  	65
A352 	  	100 	76 	97 		  	68
A353 	  	78 	56 	37 		  	43
A354 	  	100 	71 	65 	48 	  	71
A355 	  	100 	74 	87 	71 	  	83
A356 	  	100 	75 	60 	79 	  	78
A357 	  	100 	90 	90 	55 	  	83
A358 	  	100 	74 	60 	74 	  	77